,SiO2,TiO2,Al2O3,FeOT,MnO,MgO,CaO,Na2O,K2O,P2O5,Rb,Sr,Y,Zr,Nb,Ba,La,Ce,Pr,Nd,Sm,Eu,Gd,Tb,Dy,Ho,Er,Tm,Yb,Lu,Hf,Ta,Th,U,Cr,Ni
0,46.71,2.91,14.65,12.4,8.29,0.18,9.19,3.79,1.37,0.73,30.6,997.0,26.6,269.0,70.6,503.0,51.0,102.5,11.65,48.6,9.92,3.07,8.73,1.04,5.72,0.98,2.57,0.35,2.08,0.29,6.0,2.2,5.11,1.16,290.0,229.0
1,47.0,2.72,14.05,12.1,8.54,0.17,8.75,3.54,1.34,0.67,31.3,955.0,25.5,261.0,67.5,482.0,50.2,97.9,11.05,46.9,9.44,2.9,7.78,1.05,5.49,0.95,2.33,0.32,1.77,0.28,5.4,2.0,5.05,1.15,310.0,250.0
2,46.95,2.88,14.7,11.95,7.52,0.17,9.05,3.38,1.53,0.79,35.6,1030.0,26.6,297.0,77.8,529.0,57.8,111.5,12.2,50.6,10.5,3.06,8.67,1.16,5.63,1.03,2.64,0.35,1.97,0.31,6.1,2.1,5.96,1.38,230.0,211.0
3,46.89,2.9,14.85,12.05,7.67,0.17,9.16,3.54,1.53,0.8,35.2,1005.0,26.8,296.0,76.1,519.0,57.2,111.5,12.4,51.4,10.1,3.19,8.99,1.18,6.05,1.01,2.67,0.34,1.9,0.3,6.1,2.2,5.92,1.38,240.0,207.0
4,31.5,4.08,12.6,18.5,3.21,2.34,5.06,3.67,2.84,2.79,38.1,573.0,342.0,262.0,65.0,382.0,239.0,91.9,45.5,202.0,39.9,11.1,46.4,6.45,39.0,8.13,21.1,2.75,16.2,2.44,7.5,3.71,4.11,2.73,54.1,256.0
5,49.53,0.59,16.68,8.22,0.14,9.5,10.86,2.53,246.0,0.16,0.21,111.0,12.5,16.5,0.47,3.39,0.637,2.12,0.422,2.57,1.12,0.622,1.67,0.318,2.21,0.471,1.35,0.203,1.37,0.205,0.597,0.033,0.03,0.011,386.0,227.0
6,47.45,2.71,17.09,9.414,0.08,0.69,8.42,3.29,4.56,2.87,68.0,525.0,52.0,360.0,149.0,360.0,90.0,115.0,14.1,61.0,11.0,2.8,10.4,1.8,9.7,1.9,5.3,0.7,4.1,0.7,7.6,5.5,8.6,1.7,113.0,25.0
7,40.57,2.46,15.5,8.953,0.05,1.01,14.08,2.61,3.0,6.08,28.0,482.0,57.0,264.0,100.0,330.0,84.0,87.0,12.0,47.0,10.0,2.5,8.5,1.6,8.4,1.7,4.5,0.6,4.2,0.7,6.5,4.1,5.3,2.1,170.0,20.0
8,31.5,4.08,12.6,18.5,3.21,2.34,5.06,3.67,2.84,2.79,38.1,573.0,342.0,262.0,65.0,382.0,239.0,91.9,45.5,202.0,39.9,11.1,46.4,6.45,39.0,8.13,21.1,2.75,16.2,2.44,7.5,3.71,4.11,2.73,54.1,256.0
9,47.63,0.82,17.05,5.889,0.145,2.3,4.62,0.86,4.02,0.17,480.0,3700.0,60.8,299.0,43.2,1770.0,161.0,176.0,30.5,114.0,20.4,4.65,18.5,2.18,10.8,1.9,5.47,0.796,4.4,0.604,6.8,2.34,25.2,7.02,104.0,7.0
10,49.95,0.96,18.49,6.524,0.18,1.5,3.82,1.2,2.85,0.23,306.0,1227.0,49.0,327.0,50.0,1717.0,106.0,225.0,23.9,92.8,17.4,4.03,13.0,1.93,9.23,1.57,4.23,0.576,3.76,0.531,7.6,2.19,28.2,5.8,11.0,8.0
11,48.42,0.61,16.4,4.095,0.155,1.56,4.85,1.08,5.02,0.12,598.0,1952.0,40.0,310.0,47.0,2100.0,113.0,191.0,23.1,88.0,15.7,3.53,12.1,1.68,8.34,1.46,4.1,0.589,3.82,0.515,6.4,2.1,25.8,6.66,0.0,5.0
12,49.65,0.977,15.6,9.52,0.168,10.94,8.95,2.73,0.799,0.1928,462.4846741,433.2602249,50.37225149,196.1052216,93.2035932,273.5810465,0.0,13.05704438,432.4435842,22.29206769,81.80724568,2.564357908,0.425684986,0.0,0.0741,0.749784391,0.0366,0.0,0.40347395,267.690873,10.42101133,23.39787199,15.88750771,3.942579069,424.1518141,5914.209189
13,48.7365,0.8459,18.2035,8.09,0.1381,7.5693,10.4731,2.3934,0.7468,0.2316,416.1091909,24.4319653,65.97414331,1.601310442,0.290395644,6.758034198,15.80732287,2.325642218,11.71060397,3.070520526,1.099577356,3.347244518,0.579195172,3.470504778,0.758149124,2.198608601,0.298485802,2.111197952,0.328618179,1.561647049,0.131625501,1.327186475,0.197110985,0.197110985,205.5910397,13.41491079
14,49.019,0.829,18.0516,8.01,0.1521,7.5603,10.2695,2.3881,0.9087,0.23,403.8285548,22.99782269,68.14282343,1.570721692,0.329650787,6.481962028,15.60248458,2.271526729,11.60774146,2.887003048,1.073969318,3.235385395,0.551000461,3.403981309,0.733750916,2.219290994,0.296110546,2.059821515,0.319021756,1.58769123,0.126472719,1.933165341,0.215742591,0.215742591,318.8308227,17.48765529
15,50.54,1.34,8.9,5.79,0.09,15.37,4.68,0.81,6.8,1.63,343.8,1086.0,34.4,710.4,52.24,3120.0,100.36,254.17,37.38,168.42,30.82,5.19,17.58,1.8,7.41,1.2,2.59,0.4,2.35,0.33,19.59,3.17,115.01,26.1,621.0,689.0
16,49.1,1.13,15.13,10.03,0.12,9.68,7.63,2.78,0.7,0.19,466.0,106.0,62.0,167.0,40.0,343.0,54.0,108.0,12.7,47.0,9.7,0.85,9.3,1.65,10.2,2.05,6.5,1.06,7.4,1.15,6.3,7.2,54.0,18.8,5.0,2.3
17,50.41,0.91,19.96,6.19,0.2,2.19,7.16,6.83,2.99,0.49,78.5,3463.0,32.2,505.0,50.8,3121.0,121.6,215.3,22.6,81.0,12.0,3.2,8.7,1.0,5.8,1.1,2.9,0.4,2.6,0.4,4.9,2.5,32.6,4.6,4.0,5.0
18,47.63,0.82,17.05,5.889,0.145,2.3,4.62,0.86,4.02,0.17,480.0,3700.0,60.8,299.0,43.2,1770.0,161.0,176.0,30.5,114.0,20.4,4.65,18.5,2.18,10.8,1.9,5.47,0.796,4.4,0.604,6.8,2.34,25.2,7.02,104.0,7.0
19,43.59,2.71,12.54,12.026,0.19,11.94,11.21,3.0,0.89,0.58,20.0,616.2,259.0,171.3,37.3,405.3,32.6,66.4,7.8,32.9,7.0,2.1,7.1,1.1,5.4,0.9,2.5,0.3,1.9,0.3,4.0,2.4,4.3,1.0,498.8,269.2
20,67.98,0.6,12.38,6.14,0.11,0.5,2.67,4.7,1.35,0.13,17.98,76.52,162.16,850.2,23.19,132.5,39.64,104.6,14.97,67.88,19.36,3.49,21.81,4.11,27.42,5.94,17.8,2.73,18.31,2.68,24.66,1.6,4.7,1.65,2.4,1.56
21,63.92,0.9,12.89,9.88,0.22,1.28,4.54,3.66,0.75,0.24,21.7,76.4,180.0,644.0,23.7,151.0,22.2,57.3,10.6,50.0,16.4,4.0,23.1,4.3,28.1,6.21,18.1,2.9,18.3,2.84,17.2,1.46,2.65,0.716,3.69,1.75
22,31.5,4.08,12.6,18.5,3.21,2.34,5.06,3.67,2.84,2.79,38.1,573.0,342.0,262.0,65.0,382.0,239.0,91.9,45.5,202.0,39.9,11.1,46.4,6.45,39.0,8.13,21.1,2.75,16.2,2.44,7.5,3.71,4.11,2.73,54.1,256.0
23,50.61,1.04,14.29,12.54,0.13,8.61,7.62,3.05,0.11,0.09,67.1,185.0,31.6,1602.4,2.53,35.1,4.44,11.3,1.64,8.23,2.64,0.93,3.68,0.67,4.32,0.99,2.78,0.43,3.06,0.44,32.9,1.26,1.2,1.03,86.8,84.0
24,47.16,0.84,13.26,8.47,0.13,8.7,16.43,1.6,1.62,0.22,93.6,179.0,31.6,1905.7,2.77,84.6,6.75,17.1,2.5,12.1,3.74,1.21,4.58,0.72,4.38,0.95,2.67,0.41,2.89,0.43,38.9,0.75,1.36,1.43,639.0,178.0
25,50.41,0.91,19.96,6.19,0.2,2.19,7.16,6.83,2.99,0.49,78.5,3463.0,32.2,505.0,50.8,3121.0,121.6,215.3,22.6,81.0,12.0,3.2,8.7,1.0,5.8,1.1,2.9,0.4,2.6,0.4,4.9,2.5,32.6,4.6,4.0,5.0
26,50.54,1.34,8.9,5.79,0.09,15.37,4.68,0.81,6.8,1.63,343.8,1086.0,34.4,710.4,52.24,3120.0,100.36,254.17,37.38,168.42,30.82,5.19,17.58,1.8,7.41,1.2,2.59,0.4,2.35,0.33,19.59,3.17,115.01,26.1,621.0,689.0
27,31.5,4.08,12.6,18.5,3.21,2.34,5.06,3.67,2.84,2.79,38.1,573.0,342.0,262.0,65.0,382.0,239.0,91.9,45.5,202.0,39.9,11.1,46.4,6.45,39.0,8.13,21.1,2.75,16.2,2.44,7.5,3.71,4.11,2.73,54.1,256.0
28,49.65,0.977,15.6,9.52,0.168,10.94,8.95,2.73,0.799,0.1928,462.4846741,433.2602249,50.37225149,196.1052216,93.2035932,273.5810465,0.0,13.05704438,432.4435842,22.29206769,81.80724568,2.564357908,0.425684986,0.0,0.0741,0.749784391,0.0366,0.0,0.40347395,267.690873,10.42101133,23.39787199,15.88750771,3.942579069,424.1518141,5914.209189
29,50.95,1.065,16.4,9.05,0.165,8.31,9.055,2.96,0.98,0.2471,13.57119879,1375.009911,39.84235663,122.9103065,91.9598076,16.31580862,9.125362529,17.61297012,446.2815332,14.61253517,3.750235629,3.407729105,0.691899877,0.0516,0.067,0.924283866,2.239759038,0.0,2.07715516,324.8195888,2.149278577,0.113490201,17.29707852,0.348698368,31.49693563,6361.612957
30,31.5,4.08,12.6,18.5,3.21,2.34,5.06,3.67,2.84,2.79,38.1,573.0,342.0,262.0,65.0,382.0,239.0,91.9,45.5,202.0,39.9,11.1,46.4,6.45,39.0,8.13,21.1,2.75,16.2,2.44,7.5,3.71,4.11,2.73,54.1,256.0
31,49.65,0.977,15.6,9.52,0.168,10.94,8.95,2.73,0.799,0.1928,462.4846741,433.2602249,50.37225149,196.1052216,93.2035932,273.5810465,0.0,13.05704438,432.4435842,22.29206769,81.80724568,2.564357908,0.425684986,0.0,0.0741,0.749784391,0.0366,0.0,0.40347395,267.690873,10.42101133,23.39787199,15.88750771,3.942579069,424.1518141,5914.209189
32,35.62,2.67,11.04,11.17,0.26,5.22,20.11,4.64,2.26,0.08,46.1,0.8,4.73,9.61,2.1,542.0,6.8,121.0,7.3,24.61,70.3,1.6,0.0,7.1,0.94,21.2,0.84,2.12,0.28,1.47,48.4,96.7,0.9,11.3,8.0,34.5
33,31.5,4.08,12.6,18.5,3.21,2.34,5.06,3.67,2.84,2.79,38.1,573.0,342.0,262.0,65.0,382.0,239.0,91.9,45.5,202.0,39.9,11.1,46.4,6.45,39.0,8.13,21.1,2.75,16.2,2.44,7.5,3.71,4.11,2.73,54.1,256.0
34,31.5,4.08,12.6,18.5,3.21,2.34,5.06,3.67,2.84,2.79,38.1,573.0,342.0,262.0,65.0,382.0,239.0,91.9,45.5,202.0,39.9,11.1,46.4,6.45,39.0,8.13,21.1,2.75,16.2,2.44,7.5,3.71,4.11,2.73,54.1,256.0
35,31.5,4.08,12.6,18.5,3.21,2.34,5.06,3.67,2.84,2.79,38.1,573.0,342.0,262.0,65.0,382.0,239.0,91.9,45.5,202.0,39.9,11.1,46.4,6.45,39.0,8.13,21.1,2.75,16.2,2.44,7.5,3.71,4.11,2.73,54.1,256.0
36,49.04,1.64,17.47,10.08,0.17,7.36,9.23,3.21,1.43,0.38,39.6,534.0,2.64,142.6,36.3,474.2,27.66,49.93,5.68,29.59,4.86,1.61,4.95,7.65,4.15,0.95,2.72,0.51,3.38,0.36,3.22,2.47,4.28,0.62,124.0,98.5
37,51.44,1.14,18.01,8.713,0.17,4.51,9.93,3.1,1.89,0.3,39.0,571.0,22.3,96.0,4.7,756.0,13.7,28.4,3.5,17.9,4.5,1.22,3.87,6.73,3.99,0.8,2.04,0.31,2.1,0.32,2.7,0.48,4.5,1.1,21.0,10.0
38,35.62,2.67,11.04,11.17,0.26,5.22,20.11,4.64,2.26,0.08,46.1,0.8,4.73,9.61,2.1,542.0,6.8,121.0,7.3,24.61,70.3,1.6,0.0,7.1,0.94,21.2,0.84,2.12,0.28,1.47,48.4,96.7,0.9,11.3,8.0,34.5
39,31.5,4.08,12.6,18.5,3.21,2.34,5.06,3.67,2.84,2.79,38.1,573.0,342.0,262.0,65.0,382.0,239.0,91.9,45.5,202.0,39.9,11.1,46.4,6.45,39.0,8.13,21.1,2.75,16.2,2.44,7.5,3.71,4.11,2.73,54.1,256.0
40,67.98,0.6,12.38,6.14,0.11,0.5,2.67,4.7,1.35,0.13,17.98,76.52,162.16,850.2,23.19,132.5,39.64,104.6,14.97,67.88,19.36,3.49,21.81,4.11,27.42,5.94,17.8,2.73,18.31,2.68,24.66,1.6,4.7,1.65,2.4,1.56
41,63.92,0.9,12.89,9.88,0.22,1.28,4.54,3.66,0.75,0.24,21.7,76.4,180.0,644.0,23.7,151.0,22.2,57.3,10.6,50.0,16.4,4.0,23.1,4.3,28.1,6.21,18.1,2.9,18.3,2.84,17.2,1.46,2.65,0.716,3.69,1.75
42,31.5,4.08,12.6,18.5,3.21,2.34,5.06,3.67,2.84,2.79,38.1,573.0,342.0,262.0,65.0,382.0,239.0,91.9,45.5,202.0,39.9,11.1,46.4,6.45,39.0,8.13,21.1,2.75,16.2,2.44,7.5,3.71,4.11,2.73,54.1,256.0
43,35.62,2.67,11.04,11.17,0.26,5.22,20.11,4.64,2.26,0.08,46.1,0.8,4.73,9.61,2.1,542.0,6.8,121.0,7.3,24.61,70.3,1.6,0.0,7.1,0.94,21.2,0.84,2.12,0.28,1.47,48.4,96.7,0.9,11.3,8.0,34.5
44,63.92,0.9,12.89,9.88,0.22,1.28,4.54,3.66,0.75,0.24,21.7,76.4,180.0,644.0,23.7,151.0,22.2,57.3,10.6,50.0,16.4,4.0,23.1,4.3,28.1,6.21,18.1,2.9,18.3,2.84,17.2,1.46,2.65,0.716,3.69,1.75
45,31.5,4.08,12.6,18.5,3.21,2.34,5.06,3.67,2.84,2.79,38.1,573.0,342.0,262.0,65.0,382.0,239.0,91.9,45.5,202.0,39.9,11.1,46.4,6.45,39.0,8.13,21.1,2.75,16.2,2.44,7.5,3.71,4.11,2.73,54.1,256.0
46,60.4,1.27,12.7,11.59,0.22,1.44,5.38,4.31,0.47,0.4,9.0,87.0,157.4,533.6,8.49,55.0,16.06,50.77,8.47,43.5,14.3,3.83,19.3,3.66,25.2,5.65,16.32,2.5,16.76,2.47,13.57,0.55,1.11,0.36,5.0,6.0
47,70.28,0.35,12.89,4.45,0.13,0.12,1.26,7.39,1.42,0.01,15.0,22.0,153.0,998.0,18.0,125.0,28.0,80.0,12.0,57.0,16.0,2.3,18.0,3.5,22.0,5.0,16.0,2.5,16.0,2.6,23.0,1.3,2.6,1.1,5.0,6.0
48,68.0,0.71,13.1,6.7,0.12,0.64,2.82,5.35,1.4,0.15,17.5,78.1,143.0,931.0,15.7,79.8,30.5,86.6,12.5,58.8,16.7,3.31,19.7,3.35,23.9,5.11,16.2,2.37,16.5,2.37,24.3,1.01,2.7,1.05,0.81,0.8
49,67.98,0.6,12.38,6.14,0.11,0.5,2.67,4.7,1.35,0.13,17.98,76.52,162.16,850.2,23.19,132.5,39.64,104.6,14.97,67.88,19.36,3.49,21.81,4.11,27.42,5.94,17.8,2.73,18.31,2.68,24.66,1.6,4.7,1.65,2.4,1.56
50,57.24,1.64,13.05,11.85,0.19,1.99,5.78,4.31,0.65,0.78,7.17,117.74,151.89,762.07,19.85,70.39,26.75,78.37,12.54,62.58,19.11,4.58,22.32,4.01,26.33,5.56,15.87,2.36,15.67,2.29,18.69,1.24,1.76,0.67,3.68,4.57
51,63.92,0.9,12.89,9.88,0.22,1.28,4.54,3.66,0.75,0.24,21.7,76.4,180.0,644.0,23.7,151.0,22.2,57.3,10.6,50.0,16.4,4.0,23.1,4.3,28.1,6.21,18.1,2.9,18.3,2.84,17.2,1.46,2.65,0.716,3.69,1.75
52,31.5,4.08,12.6,18.5,3.21,2.34,5.06,3.67,2.84,2.79,38.1,573.0,342.0,262.0,65.0,382.0,239.0,91.9,45.5,202.0,39.9,11.1,46.4,6.45,39.0,8.13,21.1,2.75,16.2,2.44,7.5,3.71,4.11,2.73,54.1,256.0
53,60.4,1.27,12.7,11.59,0.22,1.44,5.38,4.31,0.47,0.4,9.0,87.0,157.4,533.6,8.49,55.0,16.06,50.77,8.47,43.5,14.3,3.83,19.3,3.66,25.2,5.65,16.32,2.5,16.76,2.47,13.57,0.55,1.11,0.36,5.0,6.0
54,70.28,0.35,12.89,4.45,0.13,0.12,1.26,7.39,1.42,0.01,15.0,22.0,153.0,998.0,18.0,125.0,28.0,80.0,12.0,57.0,16.0,2.3,18.0,3.5,22.0,5.0,16.0,2.5,16.0,2.6,23.0,1.3,2.6,1.1,5.0,6.0
55,67.98,0.6,12.38,6.14,0.11,0.5,2.67,4.7,1.35,0.13,17.98,76.52,162.16,850.2,23.19,132.5,39.64,104.6,14.97,67.88,19.36,3.49,21.81,4.11,27.42,5.94,17.8,2.73,18.31,2.68,24.66,1.6,4.7,1.65,2.4,1.56
56,63.92,0.9,12.89,9.88,0.22,1.28,4.54,3.66,0.75,0.24,21.7,76.4,180.0,644.0,23.7,151.0,22.2,57.3,10.6,50.0,16.4,4.0,23.1,4.3,28.1,6.21,18.1,2.9,18.3,2.84,17.2,1.46,2.65,0.716,3.69,1.75
57,31.5,4.08,12.6,18.5,3.21,2.34,5.06,3.67,2.84,2.79,38.1,573.0,342.0,262.0,65.0,382.0,239.0,91.9,45.5,202.0,39.9,11.1,46.4,6.45,39.0,8.13,21.1,2.75,16.2,2.44,7.5,3.71,4.11,2.73,54.1,256.0
58,60.4,1.27,12.7,11.59,0.22,1.44,5.38,4.31,0.47,0.4,9.0,87.0,157.4,533.6,8.49,55.0,16.06,50.77,8.47,43.5,14.3,3.83,19.3,3.66,25.2,5.65,16.32,2.5,16.76,2.47,13.57,0.55,1.11,0.36,5.0,6.0
59,70.28,0.35,12.89,4.45,0.13,0.12,1.26,7.39,1.42,0.01,15.0,22.0,153.0,998.0,18.0,125.0,28.0,80.0,12.0,57.0,16.0,2.3,18.0,3.5,22.0,5.0,16.0,2.5,16.0,2.6,23.0,1.3,2.6,1.1,5.0,6.0
60,68.0,0.71,13.1,6.7,0.12,0.64,2.82,5.35,1.4,0.15,17.5,78.1,143.0,931.0,15.7,79.8,30.5,86.6,12.5,58.8,16.7,3.31,19.7,3.35,23.9,5.11,16.2,2.37,16.5,2.37,24.3,1.01,2.7,1.05,0.81,0.8
61,67.98,0.6,12.38,6.14,0.11,0.5,2.67,4.7,1.35,0.13,17.98,76.52,162.16,850.2,23.19,132.5,39.64,104.6,14.97,67.88,19.36,3.49,21.81,4.11,27.42,5.94,17.8,2.73,18.31,2.68,24.66,1.6,4.7,1.65,2.4,1.56
62,57.24,1.64,13.05,11.85,0.19,1.99,5.78,4.31,0.65,0.78,7.17,117.74,151.89,762.07,19.85,70.39,26.75,78.37,12.54,62.58,19.11,4.58,22.32,4.01,26.33,5.56,15.87,2.36,15.67,2.29,18.69,1.24,1.76,0.67,3.68,4.57
63,63.92,0.9,12.89,9.88,0.22,1.28,4.54,3.66,0.75,0.24,21.7,76.4,180.0,644.0,23.7,151.0,22.2,57.3,10.6,50.0,16.4,4.0,23.1,4.3,28.1,6.21,18.1,2.9,18.3,2.84,17.2,1.46,2.65,0.716,3.69,1.75
64,31.5,4.08,12.6,18.5,3.21,2.34,5.06,3.67,2.84,2.79,38.1,573.0,342.0,262.0,65.0,382.0,239.0,91.9,45.5,202.0,39.9,11.1,46.4,6.45,39.0,8.13,21.1,2.75,16.2,2.44,7.5,3.71,4.11,2.73,54.1,256.0
65,61.57,1.47,12.96,10.78,0.2,1.76,5.07,4.6,0.88,0.41,11.76,114.89,144.7,718.65,20.6,89.09,26.85,75.82,11.72,55.48,16.74,4.02,19.56,3.64,23.77,5.21,15.31,2.37,15.52,2.33,17.83,1.34,1.84,0.69,1.82,4.11
66,49.65,0.977,15.6,9.52,0.168,10.94,8.95,2.73,0.799,0.1928,462.4846741,433.2602249,50.37225149,196.1052216,93.2035932,273.5810465,0.0,13.05704438,432.4435842,22.29206769,81.80724568,2.564357908,0.425684986,0.0,0.0741,0.749784391,0.0366,0.0,0.40347395,267.690873,10.42101133,23.39787199,15.88750771,3.942579069,424.1518141,5914.209189
67,50.95,1.065,16.4,9.05,0.165,8.31,9.055,2.96,0.98,0.2471,13.57119879,1375.009911,39.84235663,122.9103065,91.9598076,16.31580862,9.125362529,17.61297012,446.2815332,14.61253517,3.750235629,3.407729105,0.691899877,0.0516,0.067,0.924283866,2.239759038,0.0,2.07715516,324.8195888,2.149278577,0.113490201,17.29707852,0.348698368,31.49693563,6361.612957
68,50.61,1.04,14.29,12.54,0.13,8.61,7.62,3.05,0.11,0.09,67.1,185.0,31.6,1602.4,2.53,35.1,4.44,11.3,1.64,8.23,2.64,0.93,3.68,0.67,4.32,0.99,2.78,0.43,3.06,0.44,32.9,1.26,1.2,1.03,86.8,84.0
69,47.16,0.84,13.26,8.47,0.13,8.7,16.43,1.6,1.62,0.22,93.6,179.0,31.6,1905.7,2.77,84.6,6.75,17.1,2.5,12.1,3.74,1.21,4.58,0.72,4.38,0.95,2.67,0.41,2.89,0.43,38.9,0.75,1.36,1.43,639.0,178.0
70,35.62,2.67,11.04,11.17,0.26,5.22,20.11,4.64,2.26,0.08,46.1,0.8,4.73,9.61,2.1,542.0,6.8,121.0,7.3,24.61,70.3,1.6,0.0,7.1,0.94,21.2,0.84,2.12,0.28,1.47,48.4,96.7,0.9,11.3,8.0,34.5
71,49.52,3.17,15.0,11.1,0.2,5.76,10.4,3.67,0.77,0.41,15.03,352.76,36.11,207.0,117.36,172.96,24.42,52.3,6.57,29.69,7.48,2.59,7.75,1.26,7.38,1.42,3.86,0.52,3.0,0.45,5.64,176.55,1.84,0.68,51.0,40.0
72,35.62,2.67,11.04,11.17,0.26,5.22,20.11,4.64,2.26,0.08,46.1,0.8,4.73,9.61,2.1,542.0,6.8,121.0,7.3,24.61,70.3,1.6,0.0,7.1,0.94,21.2,0.84,2.12,0.28,1.47,48.4,96.7,0.9,11.3,8.0,34.5
73,49.86,0.72,24.99,4.383,0.101,0.89,1.04,1.36,3.16,0.18,251.0,155.0,47.0,638.0,72.3,385.0,124.0,325.0,21.7,74.1,14.3,2.15,10.1,1.67,8.58,1.72,5.49,0.807,5.35,0.774,14.6,4.05,61.8,6.46,25.1,22.0
74,49.51,0.98,15.0,7.24,0.1,3.35,10.37,3.2,3.48,0.54,278.8512222,191.1471876,24.25104451,210.0,15.0,373.2301573,29.89497988,69.66786614,7.528004863,27.42850239,5.530261234,1.0,6.022489287,0.752238263,4.506974732,0.900404113,2.603900464,0.401643605,2.525073133,0.375824995,0.886865888,1.478827237,43.05426439,8.920089281,31.0,19.26942914
75,50.54,1.34,8.9,5.79,0.09,15.37,4.68,0.81,6.8,1.63,343.8,1086.0,34.4,710.4,52.24,3120.0,100.36,254.17,37.38,168.42,30.82,5.19,17.58,1.8,7.41,1.2,2.59,0.4,2.35,0.33,19.59,3.17,115.01,26.1,621.0,689.0
76,49.1,1.13,15.13,10.03,0.12,9.68,7.63,2.78,0.7,0.19,466.0,106.0,62.0,167.0,40.0,343.0,54.0,108.0,12.7,47.0,9.7,0.85,9.3,1.65,10.2,2.05,6.5,1.06,7.4,1.15,6.3,7.2,54.0,18.8,5.0,2.3
77,53.54,0.82,17.55,5.21,0.09,2.06,3.78,1.96,2.84,0.4,182.0,599.0,40.0,360.0,58.5,605.0,117.0,233.0,20.5,74.3,13.9,2.5,9.97,1.59,8.11,1.47,4.29,0.611,3.8,0.563,8.1,2.84,34.1,13.2,24.7,16.0
78,35.62,2.67,11.04,11.17,0.26,5.22,20.11,4.64,2.26,0.08,46.1,0.8,4.73,9.61,2.1,542.0,6.8,121.0,7.3,24.61,70.3,1.6,0.0,7.1,0.94,21.2,0.84,2.12,0.28,1.47,48.4,96.7,0.9,11.3,8.0,34.5
79,50.54,1.34,8.9,5.79,0.09,15.37,4.68,0.81,6.8,1.63,343.8,1086.0,34.4,710.4,52.24,3120.0,100.36,254.17,37.38,168.42,30.82,5.19,17.58,1.8,7.41,1.2,2.59,0.4,2.35,0.33,19.59,3.17,115.01,26.1,621.0,689.0
80,49.1,1.13,15.13,10.03,0.12,9.68,7.63,2.78,0.7,0.19,466.0,106.0,62.0,167.0,40.0,343.0,54.0,108.0,12.7,47.0,9.7,0.85,9.3,1.65,10.2,2.05,6.5,1.06,7.4,1.15,6.3,7.2,54.0,18.8,5.0,2.3
81,42.88,0.14,4.18,10.6,0.22,36.07,3.8,0.41,0.029,0.12,0.25,18.5,7.6,10.14,0.4053,3.64,2.0855,3.8655,0.5851,2.6449,0.7676,0.2188,0.9889,0.1745,1.2494,0.2694,0.817,0.1252,0.8246,0.1232,0.3105,0.0081,0.2714,0.6274,3481.0,1409.0
82,49.65,0.977,15.6,9.52,0.168,10.94,8.95,2.73,0.799,0.1928,462.4846741,433.2602249,50.37225149,196.1052216,93.2035932,273.5810465,0.0,13.05704438,432.4435842,22.29206769,81.80724568,2.564357908,0.425684986,0.0,0.0741,0.749784391,0.0366,0.0,0.40347395,267.690873,10.42101133,23.39787199,15.88750771,3.942579069,424.1518141,5914.209189
83,50.95,1.065,16.4,9.05,0.165,8.31,9.055,2.96,0.98,0.2471,13.57119879,1375.009911,39.84235663,122.9103065,91.9598076,16.31580862,9.125362529,17.61297012,446.2815332,14.61253517,3.750235629,3.407729105,0.691899877,0.0516,0.067,0.924283866,2.239759038,0.0,2.07715516,324.8195888,2.149278577,0.113490201,17.29707852,0.348698368,31.49693563,6361.612957
