,SiO2,TiO2,Al2O3,FeOT,MnO,MgO,CaO,Na2O,K2O,P2O5,Rb,Sr,Y,Zr,Nb,Ba,La,Ce,Pr,Nd,Sm,Eu,Gd,Tb,Dy,Ho,Er,Tm,Yb,Lu,Hf,Ta,Th,U,Cr,Ni
0,46.71,2.91,14.65,12.4,8.29,0.18,9.19,3.79,1.37,0.73,30.6,997.0,26.6,269.0,70.6,503.0,51.0,102.5,11.65,48.6,9.92,3.07,8.73,1.04,5.72,0.98,2.57,0.35,2.08,0.29,6.0,2.2,5.11,1.16,290.0,229.0
1,47.0,2.72,14.05,12.1,8.54,0.17,8.75,3.54,1.34,0.67,31.3,955.0,25.5,261.0,67.5,482.0,50.2,97.9,11.05,46.9,9.44,2.9,7.78,1.05,5.49,0.95,2.33,0.32,1.77,0.28,5.4,2.0,5.05,1.15,310.0,250.0
2,46.95,2.88,14.7,11.95,7.52,0.17,9.05,3.38,1.53,0.79,35.6,1030.0,26.6,297.0,77.8,529.0,57.8,111.5,12.2,50.6,10.5,3.06,8.67,1.16,5.63,1.03,2.64,0.35,1.97,0.31,6.1,2.1,5.96,1.38,230.0,211.0
3,46.89,2.9,14.85,12.05,7.67,0.17,9.16,3.54,1.53,0.8,35.2,1005.0,26.8,296.0,76.1,519.0,57.2,111.5,12.4,51.4,10.1,3.19,8.99,1.18,6.05,1.01,2.67,0.34,1.9,0.3,6.1,2.2,5.92,1.38,240.0,207.0
4,49.53,0.59,16.68,8.22,0.14,9.5,10.86,2.53,246.0,0.16,0.21,111.0,12.5,16.5,0.47,3.39,0.637,2.12,0.422,2.57,1.12,0.622,1.67,0.318,2.21,0.471,1.35,0.203,1.37,0.205,0.597,0.033,0.03,0.011,386.0,227.0
5,40.57,2.46,15.5,8.953,0.05,1.01,14.08,2.61,3.0,6.08,28.0,482.0,57.0,264.0,100.0,330.0,84.0,87.0,12.0,47.0,10.0,2.5,8.5,1.6,8.4,1.7,4.5,0.6,4.2,0.7,6.5,4.1,5.3,2.1,170.0,20.0
6,48.42,0.61,16.4,4.095,0.155,1.56,4.85,1.08,5.02,0.12,598.0,1952.0,40.0,310.0,47.0,2100.0,113.0,191.0,23.1,88.0,15.7,3.53,12.1,1.68,8.34,1.46,4.1,0.589,3.82,0.515,6.4,2.1,25.8,6.66,0.0,5.0
7,31.5,4.08,12.6,18.5,3.21,2.34,5.06,3.67,2.84,2.79,38.1,573.0,342.0,262.0,65.0,382.0,239.0,91.9,45.5,202.0,39.9,11.1,46.4,6.45,39.0,8.13,21.1,2.75,16.2,2.44,7.5,3.71,4.11,2.73,54.1,256.0
8,49.65,0.977,15.6,9.52,0.168,10.94,8.95,2.73,0.799,0.1928,462.4846741,433.2602249,50.37225149,196.1052216,93.2035932,273.5810465,0.0,13.05704438,432.4435842,22.29206769,81.80724568,2.564357908,0.425684986,0.0,0.0741,0.749784391,0.0366,0.0,0.40347395,267.690873,10.42101133,23.39787199,15.88750771,3.942579069,424.1518141,5914.209189
9,50.95,1.065,16.4,9.05,0.165,8.31,9.055,2.96,0.98,0.2471,13.57119879,1375.009911,39.84235663,122.9103065,91.9598076,16.31580862,9.125362529,17.61297012,446.2815332,14.61253517,3.750235629,3.407729105,0.691899877,0.0516,0.067,0.924283866,2.239759038,0.0,2.07715516,324.8195888,2.149278577,0.113490201,17.29707852,0.348698368,31.49693563,6361.612957
10,49.65,0.977,15.6,9.52,0.168,10.94,8.95,2.73,0.799,0.1928,462.4846741,433.2602249,50.37225149,196.1052216,93.2035932,273.5810465,0.0,13.05704438,432.4435842,22.29206769,81.80724568,2.564357908,0.425684986,0.0,0.0741,0.749784391,0.0366,0.0,0.40347395,267.690873,10.42101133,23.39787199,15.88750771,3.942579069,424.1518141,5914.209189
11,35.62,2.67,11.04,11.17,0.26,5.22,20.11,4.64,2.26,0.08,46.1,0.8,4.73,9.61,2.1,542.0,6.8,121.0,7.3,24.61,70.3,1.6,0.0,7.1,0.94,21.2,0.84,2.12,0.28,1.47,48.4,96.7,0.9,11.3,8.0,34.5
12,35.62,2.67,11.04,11.17,0.26,5.22,20.11,4.64,2.26,0.08,46.1,0.8,4.73,9.61,2.1,542.0,6.8,121.0,7.3,24.61,70.3,1.6,0.0,7.1,0.94,21.2,0.84,2.12,0.28,1.47,48.4,96.7,0.9,11.3,8.0,34.5
13,49.65,0.977,15.6,9.52,0.168,10.94,8.95,2.73,0.799,0.1928,462.4846741,433.2602249,50.37225149,196.1052216,93.2035932,273.5810465,0.0,13.05704438,432.4435842,22.29206769,81.80724568,2.564357908,0.425684986,0.0,0.0741,0.749784391,0.0366,0.0,0.40347395,267.690873,10.42101133,23.39787199,15.88750771,3.942579069,424.1518141,5914.209189
14,50.95,1.065,16.4,9.05,0.165,8.31,9.055,2.96,0.98,0.2471,13.57119879,1375.009911,39.84235663,122.9103065,91.9598076,16.31580862,9.125362529,17.61297012,446.2815332,14.61253517,3.750235629,3.407729105,0.691899877,0.0516,0.067,0.924283866,2.239759038,0.0,2.07715516,324.8195888,2.149278577,0.113490201,17.29707852,0.348698368,31.49693563,6361.612957
15,49.52,3.17,15.0,11.1,0.2,5.76,10.4,3.67,0.77,0.41,15.03,352.76,36.11,207.0,117.36,172.96,24.42,52.3,6.57,29.69,7.48,2.59,7.75,1.26,7.38,1.42,3.86,0.52,3.0,0.45,5.64,176.55,1.84,0.68,51.0,40.0
16,35.62,2.67,11.04,11.17,0.26,5.22,20.11,4.64,2.26,0.08,46.1,0.8,4.73,9.61,2.1,542.0,6.8,121.0,7.3,24.61,70.3,1.6,0.0,7.1,0.94,21.2,0.84,2.12,0.28,1.47,48.4,96.7,0.9,11.3,8.0,34.5
17,50.54,1.34,8.9,5.79,0.09,15.37,4.68,0.81,6.8,1.63,343.8,1086.0,34.4,710.4,52.24,3120.0,100.36,254.17,37.38,168.42,30.82,5.19,17.58,1.8,7.41,1.2,2.59,0.4,2.35,0.33,19.59,3.17,115.01,26.1,621.0,689.0
18,50.54,1.34,8.9,5.79,0.09,15.37,4.68,0.81,6.8,1.63,343.8,1086.0,34.4,710.4,52.24,3120.0,100.36,254.17,37.38,168.42,30.82,5.19,17.58,1.8,7.41,1.2,2.59,0.4,2.35,0.33,19.59,3.17,115.01,26.1,621.0,689.0
19,49.65,0.977,15.6,9.52,0.168,10.94,8.95,2.73,0.799,0.1928,462.4846741,433.2602249,50.37225149,196.1052216,93.2035932,273.5810465,0.0,13.05704438,432.4435842,22.29206769,81.80724568,2.564357908,0.425684986,0.0,0.0741,0.749784391,0.0366,0.0,0.40347395,267.690873,10.42101133,23.39787199,15.88750771,3.942579069,424.1518141,5914.209189
20,50.95,1.065,16.4,9.05,0.165,8.31,9.055,2.96,0.98,0.2471,13.57119879,1375.009911,39.84235663,122.9103065,91.9598076,16.31580862,9.125362529,17.61297012,446.2815332,14.61253517,3.750235629,3.407729105,0.691899877,0.0516,0.067,0.924283866,2.239759038,0.0,2.07715516,324.8195888,2.149278577,0.113490201,17.29707852,0.348698368,31.49693563,6361.612957
